100 100 0.2945857142857143 0.07749213126610509
100 500 0.8414000000000001 0.007365612323354975
100 1000 0.8647857142857143 0.007062765255990373
100 5000 0.8829714285714285 0.0035148663864058424
100 10000 0.8875857142857143 0.005447879197917498
100 50000 0.8853857142857142 0.005550160872829342
200 100 0.6876142857142856 0.03663203961739794
200 500 0.8474428571428572 0.010562438262106743
200 1000 0.8927142857142856 0.004366851011324067
200 5000 0.9115142857142857 0.0028679794494467785
200 10000 0.9147000000000001 0.0031869952581561993
200 50000 0.9190999999999999 0.0034952153885340117
300 100 0.7362285714285715 0.01680927829309437
300 500 0.8164857142857145 0.009236175549192966
300 1000 0.8922857142857141 0.00590917653712755
300 5000 0.9275428571428572 0.004721552840378861
300 10000 0.9293857142857144 0.002701511292833336
300 50000 0.9341142857142856 0.0033653698586803516
400 100 0.7375428571428573 0.022926840166058622
400 500 0.7251142857142858 0.01895222780507638
400 1000 0.8936142857142857 0.006002057470363895
400 5000 0.9340571428571428 0.003380134039124623
400 10000 0.9373000000000001 0.0031379507156546415
400 50000 0.9415714285714285 0.0023724610489050148
500 100 0.7572571428571429 0.01926822487402298
500 500 0.32650000000000007 0.03655324603805204
500 1000 0.8800857142857141 0.00592889844192781
500 5000 0.935757142857143 0.004492192773954302
500 10000 0.9433 0.003945263241003856
500 50000 0.9462571428571428 0.0038117969408623066
600 100 0.7498 0.01976207458332082
600 500 0.6653714285714285 0.012213609003810437
600 1000 0.8689428571428571 0.0035566551587646817
600 5000 0.9424714285714286 0.0030399046709005885
600 10000 0.9466999999999999 0.002530185118661062
600 50000 0.9472714285714285 0.0026790570988270215
700 100 0.7545857142857142 0.014789882090297354
700 500 0.7727285714285714 0.01670689091607509
700 1000 0.8311142857142858 0.010289443768310532
700 5000 0.9446428571428573 0.002795221870643274
700 10000 0.9502857142857144 0.0033478595050130348
700 50000 0.9519 0.002098639014763065
800 100 0.7521 0.014103415420762874
800 500 0.8126285714285715 0.007533381494036625
800 1000 0.7741 0.010787000869338164
800 5000 0.9449428571428571 0.0020225262037605095
800 10000 0.9518142857142857 0.002070245967837381
800 50000 0.9548428571428571 0.0015642041726953541
900 100 0.7557714285714285 0.027426205255081815
900 500 0.8318142857142858 0.009948038469354421
900 1000 0.6515571428571428 0.018082853531363196
900 5000 0.9473857142857144 0.0028197915685021654
900 10000 0.9521999999999998 0.0028458347650916105
900 50000 0.9556000000000001 0.003738820069246987
1000 100 0.7654285714285715 0.011947675036403954
1000 500 0.8549857142857142 0.012377637834714118
1000 1000 0.3668714285714286 0.020331984453976302
1000 5000 0.9470714285714287 0.0025436996998988238
1000 10000 0.9546142857142857 0.002915860918829849
1000 50000 0.9596571428571428 0.0016452777198728936