100 100 0.6164 0.017031159918316347
100 500 0.5311428571428572 0.017982531205907277
100 1000 0.7045999999999999 0.01097340012047685
100 5000 0.8931285714285714 0.0056073748814596275
100 10000 0.9102142857142856 0.00445991214336454
100 50000 0.9127714285714287 0.0034518258995517607
200 100 0.6309571428571429 0.022481561606011703
200 500 0.6558714285714285 0.016184579458388717
200 1000 0.675 0.018727476267424246
200 5000 0.9132142857142856 0.003902510965613646
200 10000 0.9233 0.003919313767506166
200 50000 0.9304714285714285 0.00312857142857144
300 100 0.6235714285714286 0.01585186527362196
300 500 0.6941714285714287 0.009773516902991513
300 1000 0.5749571428571429 0.026874390358533846
300 5000 0.9230857142857143 0.0030554067166388157
300 10000 0.9330857142857143 0.006246697086444636
300 50000 0.9394 0.0035895540056090076
400 100 0.6518 0.01641082271066314
400 500 0.7278285714285714 0.009388616641922242
400 1000 0.32715714285714287 0.026689939249516032
400 5000 0.9240142857142859 0.0024548577414205174
400 10000 0.9376714285714286 0.003381250825191354
400 50000 0.9458 0.0030978596956411043
 500 100 0.6376571428571428 0.018192642603480094
500 500 0.7546142857142857 0.014936334276945358
500 1000 0.45330000000000004 0.01942199993905501
500 5000 0.9282428571428571 0.004187956493546304
500 10000 0.9421285714285714 0.00207752796587186
500 50000 0.9498571428571427 0.0013492250232134408
600 100 0.6480714285714286 0.022250177710824368
600 500 0.7615857142857143 0.015848961853595807
600 1000 0.6165 0.028646989370612757
600 5000 0.9341714285714285 0.004019747174504736
600 10000 0.9460000000000001 0.001883331828305926
600 50000 0.951757142857143 0.0034605944988851576
700 100 0.6521 0.01886461432071666
700 500 0.7790857142857143 0.012524131808274006
700 1000 0.7055571428571428 0.017522865528404034
700 5000 0.9346714285714286 0.0017059918415002293
700 10000 0.9491857142857143 0.001765947742310471
700 50000 0.9545857142857143 0.0019696161441006793

800 100 0.6693571428571428 0.019921504123198444
800 500 0.7877571428571429 0.01216318466621671
800 1000 0.7571999999999999 0.009877659807125665
800 5000 0.9385142857142859 0.0025937129638368777
800 10000 0.9499571428571428 0.001974376677664651
800 50000 0.9582714285714286 0.0019042916086073093
900 100 0.6773 0.01292118178710873
900 500 0.7937 0.007889918651452029
900 1000 0.7831999999999999 0.01399230109009659
900 5000 0.9367571428571428 0.002435326739172927
900 10000 0.9515142857142858 0.003216792673151449
900 50000 0.9599 0.0018692462739438686
1000 100 0.6717571428571428 0.01710424818933732
1000 500 0.7991571428571429 0.010411620274226959
1000 1000 0.8062714285714285 0.012069602566880524
1000 5000 0.9376142857142857 0.0032832599529077004
1000 10000 0.9515142857142858 0.0036984276857792934
1000 50000 0.9611571428571428 0.0011857142857142943
