100 100 100 0.4893142857142857 0.060960837211027435
100 100 500 0.8297714285714285 0.0052080001253957744
100 100 1000 0.8454428571428572 0.009159460370879613
100 100 5000 0.8590428571428571 0.006288327378921166
100 100 10000 0.8532571428571428 0.005302213630905016
100 100 50000 0.8605285714285715 0.006142873754130368
100 200 100 0.6436142857142857 0.019983059151722108
100 200 500 0.8337285714285715 0.013327040181525689
100 200 1000 0.8696428571428572 0.00778990712789469
100 200 5000 0.8914857142857142 0.006783292801028824
100 200 10000 0.8941857142857141 0.004992259314300924
100 200 50000 0.8983571428571429 0.004205559973877147
100 300 100 0.6779285714285714 0.02733453000532925
100 300 500 0.7988999999999999 0.0201501557192545
100 300 1000 0.8784142857142857 0.010505285355865555
100 300 5000 0.9047285714285713 0.004498276313869383
100 300 10000 0.9091142857142855 0.004997060360341669
100 300 50000 0.9149 0.003292570486438097
100 400 100 0.7017857142857142 0.02564333465532317
100 400 500 0.6802142857142857 0.028598148220342054
100 400 1000 0.8762285714285716 0.004852602920293509
100 400 5000 0.9112 0.004555418392935356
100 400 10000 0.9181857142857144 0.0037241900913802303
100 400 50000 0.9246714285714287 0.002991177503449584
100 500 100 0.7152999999999999 0.024151515776151922
100 500 500 0.30321428571428577 0.034882031512642436
100 500 1000 0.8631857142857143 0.010759722703353528
100 500 5000 0.9205571428571429 0.0033014838964271014
100 500 10000 0.9216857142857142 0.0044820731354850395
100 500 50000 0.9276 0.0032499921506969577
100 600 100 0.7349428571428571 0.019121651367505047
100 600 500 0.6130714285714286 0.04820200901901692
100 600 1000 0.8275 0.012658021575431194
100 600 5000 0.9233857142857144 0.0033080298100969024
100 600 10000 0.9252285714285715 0.0037602648625774697
100 600 50000 0.9340857142857143 0.0032364001165316003
100 700 100 0.7279857142857142 0.02291033542722051
100 700 500 0.7256142857142857 0.019880053586754848
100 700 1000 0.7901999999999999 0.018240591648120103
100 700 5000 0.9226428571428571 0.004362292039368132
100 700 10000 0.9281714285714285 0.002445153473752538
100 700 50000 0.9350714285714286 0.00304339364820904
100 800 100 0.7378285714285715 0.016741955119533962
100 800 500 0.7642285714285715 0.017745962461176042
100 800 1000 0.7283857142857142 0.026338460277622884
100 800 5000 0.9282 0.0028906605417009608
100 800 10000 0.9336142857142857 0.0022030127793824647
100 800 50000 0.9398 0.0031325806014354564
100 900 100 0.7448571428571429 0.024751582097444415
100 900 500 0.8052285714285714 0.012190695682547808
100 900 1000 0.5998285714285714 0.030552049932893875
100 900 5000 0.9270142857142858 0.0033408113398040403
100 900 10000 0.9329714285714287 0.003657700850288892
100 900 50000 0.9394285714285715 0.0029726645780978273
100 1000 100 0.7501857142857143 0.01880415173436386
100 1000 500 0.8118857142857143 0.015894139595127123
100 1000 1000 0.25488571428571427 0.057241693096653126
100 1000 5000 0.9269857142857143 0.0042356359906037455
100 1000 10000 0.9343571428571428 0.0018803495115840329
100 1000 50000 0.9448285714285714 0.0017598701250782173
200 100 100 0.4405 0.052227885662894
200 100 500 0.8232571428571427 0.011545614946367985
200 100 1000 0.8523857142857143 0.0069912627687736635
200 100 5000 0.8457428571428572 0.0066476326920312965
200 100 10000 0.845057142857143 0.007364060548033409
200 100 50000 0.8533571428571427 0.004865643821316781
200 200 100 0.6554285714285715 0.025367181111645435
200 200 500 0.8241428571428571 0.006727342926976637
200 200 1000 0.8706428571428573 0.007058718736717126
200 200 5000 0.8855142857142857 0.004003671784137915
200 200 10000 0.8882857142857142 0.0043061417931667114
200 200 50000 0.8902714285714286 0.0041543928066369185
200 300 100 0.7054714285714285 0.029649658428014977
200 300 500 0.7846571428571428 0.006984297256221636
200 300 1000 0.8717142857142857 0.005621024672365965
200 300 5000 0.9006571428571428 0.0038007518053293408
200 300 10000 0.9036428571428571 0.003298886639644422
200 300 50000 0.9058428571428572 0.002859606081049532
200 400 100 0.7168142857142857 0.031707853273024854
200 400 500 0.6585142857142857 0.013031547279191225
200 400 1000 0.8690285714285715 0.010405610731421672
200 400 5000 0.9075142857142857 0.005814899932457134
200 400 10000 0.9128000000000001 0.0019369658579060985
200 400 50000 0.9165999999999999 0.00310549217237029
200 500 100 0.7212142857142857 0.025791966001142346
200 500 500 0.21391428571428572 0.04807193589203751
200 500 1000 0.8546714285714285 0.00891594535832589
200 500 5000 0.9107714285714288 0.006588858871192336
200 500 10000 0.9192142857142859 0.0031475614143560296
200 500 50000 0.9241571428571428 0.003064244088961384
200 600 100 0.7242142857142857 0.020310271855815784
200 600 500 0.6153142857142857 0.034363827683499173
200 600 1000 0.8200714285714286 0.011884520887890012
200 600 5000 0.9166714285714285 0.003241346407067932
200 600 10000 0.9243 0.0043379906944697524
200 600 50000 0.9284571428571429 0.0023671217345380582
200 700 100 0.7329571428571429 0.013570082640026286
200 700 500 0.6997000000000001 0.03004109090657567
200 700 1000 0.7630285714285714 0.018366095648987436
200 700 5000 0.9170714285714284 0.004616408180587569
200 700 10000 0.9248857142857144 0.003276882540414502
200 700 50000 0.9315428571428571 0.004635180466733075
200 800 100 0.7420428571428572 0.0176953873846796
200 800 500 0.7632714285714285 0.018330798216807317
200 800 1000 0.6952714285714285 0.024670353190228398
200 800 5000 0.9204857142857141 0.0033546799476284308
200 800 10000 0.9283571428571429 0.002344119868774545
200 800 50000 0.9345142857142857 0.002063482295459179
200 900 100 0.7315285714285715 0.018734890510728363
200 900 500 0.7886 0.01732472575393271
200 900 1000 0.5361285714285714 0.0335434199271357
200 900 5000 0.9202 0.004630511057438605
200 900 10000 0.9297714285714287 0.0023397191528655025
200 900 50000 0.9352285714285713 0.00255326921288559
200 1000 100 0.7247857142857143 0.022098319263819884
200 1000 500 0.7996714285714285 0.013388244920108705
200 1000 1000 0.15384285714285711 0.02773125033059199
200 1000 5000 0.9214571428571429 0.003434399807945532
200 1000 10000 0.9309999999999998 0.005041865543949507
200 1000 50000 0.9389000000000001 0.003319115938355399
300 100 100 0.35765714285714284 0.0789079598167953
300 100 500 0.8256428571428571 0.010442114493819765
300 100 1000 0.8450142857142856 0.006675404138189933
300 100 5000 0.8408000000000001 0.008881349410249479
300 100 10000 0.8433999999999999 0.009337394646019317
300 100 50000 0.8471714285714287 0.006235121064893402
300 200 100 0.6724714285714286 0.025830613857299217
300 200 500 0.8214142857142857 0.013233144843497323
300 200 1000 0.8678857142857141 0.005953836012631366
300 200 5000 0.8802285714285712 0.005589056362250099
300 200 10000 0.8859999999999999 0.005764776930742828
300 200 50000 0.8852857142857143 0.0028528539237409473
300 300 100 0.7115714285714285 0.018784057504344764
300 300 500 0.7809571428571428 0.009558210489160723
300 300 1000 0.8680428571428571 0.009873909136337698
300 300 5000 0.8968285714285715 0.005513175313811121
300 300 10000 0.9003857142857145 0.0039805906648154935
300 300 50000 0.903442857142857 0.00338511145929301
300 400 100 0.7093999999999999 0.021928250346648883
300 400 500 0.6449571428571429 0.026306362231930717
300 400 1000 0.8667714285714284 0.00696322702575787
300 400 5000 0.9044714285714287 0.004026975367722658
300 400 10000 0.9097857142857144 0.0014403089237793195
300 400 50000 0.9152571428571428 0.004530981783054044
300 500 100 0.7346 0.020874141800763173
300 500 500 0.1936857142857143 0.02434730006403508
300 500 1000 0.8485142857142858 0.004509038541798959
300 500 5000 0.9092571428571429 0.00411110988539541
300 500 10000 0.9166571428571428 0.003963712957337266
300 500 50000 0.9236000000000001 0.003566739779274815
300 600 100 0.719442857142857 0.030097965895063552
300 600 500 0.6182285714285715 0.031933617370528924
300 600 1000 0.8127428571428572 0.01376446178254947
300 600 5000 0.9126285714285715 0.00290052774930524
300 600 10000 0.9209571428571428 0.0025193536586082883
300 600 50000 0.9259999999999999 0.0029207211857515385
300 700 100 0.7203571428571428 0.021717222545759432
300 700 500 0.7092428571428572 0.02060969159776784
300 700 1000 0.7724142857142857 0.014900410896950428
300 700 5000 0.9114714285714285 0.0032020720332501073
300 700 10000 0.9222428571428571 0.002687119693072477
300 700 50000 0.9306285714285714 0.002718943372198927
300 800 100 0.7387285714285714 0.017426399162050167
300 800 500 0.7526285714285714 0.027420549422144055
300 800 1000 0.6747285714285713 0.02357224673904741
300 800 5000 0.9172428571428572 0.006115570626003166
300 800 10000 0.9254857142857142 0.0033278049393385065
300 800 50000 0.932057142857143 0.0034730448912051928
300 900 100 0.7393428571428571 0.01834879743598852
300 900 500 0.775942857142857 0.028061244972163203
300 900 1000 0.5447857142857144 0.03766513301314573
300 900 5000 0.9200142857142858 0.0028971837134341006
300 900 10000 0.9253 0.003329797444351241
300 900 50000 0.9334285714285715 0.0028996833043120626
300 1000 100 0.7388857142857141 0.026776383136591683
300 1000 500 0.8076571428571429 0.01464438319574005
300 1000 1000 0.15711428571428576 0.014287257059551854
300 1000 5000 0.9193999999999999 0.00404454785445032
300 1000 10000 0.9295142857142856 0.0031004937065715475
300 1000 50000 0.9358857142857143 0.0030631449758144334
400 100 100 0.3104714285714286 0.0599258402238184
400 100 500 0.8203714285714285 0.008319929356058015
400 100 1000 0.8383285714285714 0.008709846644541382
400 100 5000 0.8428142857142857 0.009312061522343923
400 100 10000 0.8399142857142856 0.010043822347440173
400 100 50000 0.8425571428571429 0.007791269315780348
400 200 100 0.6634714285714285 0.0366403953503312
400 200 500 0.820257142857143 0.01090455811828714
400 200 1000 0.8627 0.006910048879002526
400 200 5000 0.8811142857142858 0.0037502652967381415
400 200 10000 0.8807285714285715 0.003487265462817995
400 200 50000 0.8830857142857143 0.0034215404097438784
400 300 100 0.6978285714285716 0.02905672144658599
400 300 500 0.7729142857142858 0.011429321403963662
400 300 1000 0.8678857142857144 0.005116120979565569
400 300 5000 0.8920142857142856 0.003955595365286702
400 300 10000 0.8997428571428573 0.0037339042323453696
400 300 50000 0.8994 0.001511587893304158
400 400 100 0.6988714285714286 0.0351052906065657
400 400 500 0.6334857142857142 0.03644303354384141
400 400 1000 0.8582142857142857 0.005325046708619531
400 400 5000 0.9017142857142858 0.004020356365562943
400 400 10000 0.9082571428571431 0.003531086437425675
400 400 50000 0.9128428571428572 0.0035326176916136848
400 500 100 0.7358 0.017394486576651394
400 500 500 0.16515714285714286 0.02370106774482741
400 500 1000 0.8411857142857142 0.009841198284430058
400 500 5000 0.9061142857142859 0.0028455479010452136
400 500 10000 0.9144 0.004709001367333735
400 500 50000 0.9172428571428572 0.0027180800546844604
400 600 100 0.7165142857142858 0.030506820916788115
400 600 500 0.6008142857142857 0.0296818538669604
400 600 1000 0.8242285714285715 0.009701083465683767
400 600 5000 0.9111857142857144 0.003944021567188612
400 600 10000 0.9190571428571428 0.0030826704564155226
400 600 50000 0.924357142857143 0.0036685369379775967
400 700 100 0.744342857142857 0.03168674479839115
400 700 500 0.6992142857142858 0.03417632848290506
400 700 1000 0.7642428571428571 0.023845082494796985
400 700 5000 0.9132428571428571 0.003683415673041542
400 700 10000 0.9192714285714285 0.0032847514117105834
400 700 50000 0.9257142857142858 0.0035816995167896925
400 800 100 0.7259 0.021266918835005068
400 800 500 0.7412285714285713 0.01855913879071607
400 800 1000 0.6810714285714285 0.022027556952738166
400 800 5000 0.9157428571428572 0.0031133681479211094
400 800 10000 0.9247142857142856 0.003884033249820909
400 800 50000 0.9281428571428572 0.004305667835563274
400 900 100 0.7263285714285714 0.02917393650895559
400 900 500 0.7784000000000001 0.01390401498320039
400 900 1000 0.5212000000000001 0.024819281510428105
400 900 5000 0.915042857142857 0.004017334886692508
400 900 10000 0.9274714285714285 0.0053848047735251675
400 900 50000 0.9322428571428573 0.002127612439773156
400 1000 100 0.7212000000000001 0.024385274914444994
400 1000 500 0.7887857142857142 0.014463077550953609
400 1000 1000 0.1600714285714286 0.021953499093515367
400 1000 5000 0.9170285714285715 0.0028875524555708933
400 1000 10000 0.9293142857142858 0.001834810783771689
400 1000 50000 0.9349999999999999 0.0033974780562730953
500 100 100 0.2684142857142857 0.0736259007775533
500 100 500 0.8231571428571429 0.009981094373762798
500 100 1000 0.8430285714285712 0.0066919994876611395
500 100 5000 0.8350857142857142 0.007021599329416103
500 100 10000 0.8440714285714286 0.004140516580213193
500 100 50000 0.8415714285714285 0.006208618105143056
500 200 100 0.6678142857142858 0.025203988184574345
500 200 500 0.8175285714285714 0.011074524912645985
500 200 1000 0.8604714285714288 0.00556961508947414
500 200 5000 0.8773285714285715 0.006029874605255243
500 200 10000 0.8826428571428572 0.0036260114704277312
500 200 50000 0.8810714285714285 0.0044268429806703325
500 300 100 0.7045999999999999 0.033494245622135134
500 300 500 0.7686571428571429 0.015411260129383014
500 300 1000 0.8649714285714287 0.006547097814751057
500 300 5000 0.8903571428571428 0.005743230265064325
500 300 10000 0.8982999999999999 0.0040609891224997405
500 300 50000 0.8999714285714285 0.00460647281949374
500 400 100 0.7230285714285715 0.023665767923914335
500 400 500 0.6449571428571429 0.02364413462237128
500 400 1000 0.8560571428571428 0.006186621510508444
500 400 5000 0.9017428571428571 0.0065092712529819996
500 400 10000 0.9079285714285715 0.004509061172024744
500 400 50000 0.9094428571428571 0.0034519737034020897
500 500 100 0.7287428571428571 0.024155938974817368
500 500 500 0.15555714285714284 0.03404117854503121
500 500 1000 0.8394714285714286 0.014628606305762019
500 500 5000 0.9052142857142857 0.0027339513155721
500 500 10000 0.9103857142857142 0.005985032351198935
500 500 50000 0.9134285714285714 0.004570982121056745
500 600 100 0.7191714285714286 0.0296534266870747
500 600 500 0.6116428571428572 0.033226019432771946
500 600 1000 0.8044714285714287 0.01852412106483031
500 600 5000 0.9125857142857143 0.005333930663828581
500 600 10000 0.9154285714285715 0.004193289099190261
500 600 50000 0.9187285714285714 0.004533976044876107
500 700 100 0.7263285714285714 0.02466246011199025
500 700 500 0.6912857142857144 0.02897916211236436
500 700 1000 0.7586428571428572 0.014718064701971822
500 700 5000 0.9139999999999999 0.004105248010107277
500 700 10000 0.921157142857143 0.00443706558666965
500 700 50000 0.9257714285714286 0.0048315291026121065
500 800 100 0.7283 0.01458800877433241
500 800 500 0.7283571428571428 0.0305250816910438
500 800 1000 0.6697428571428571 0.024001003380386132
500 800 5000 0.9097 0.003150931187274435
500 800 10000 0.9232142857142858 0.0037878700061741086
500 800 50000 0.9280142857142856 0.004130745843608628
500 900 100 0.7335285714285714 0.028707963056565738
500 900 500 0.7757428571428572 0.014841997775204788
500 900 1000 0.5045714285714287 0.02208323770997139
500 900 5000 0.9138 0.004093399365728573
500 900 10000 0.9259857142857143 0.004359109626367981
500 900 50000 0.9289142857142858 0.00262422000073256
500 1000 100 0.7243714285714286 0.02611311344664881
500 1000 500 0.7891571428571429 0.020766382763043392
500 1000 1000 0.1662857142857143 0.029998027146015127
500 1000 5000 0.9134285714285715 0.0036387932514132366
500 1000 10000 0.9272 0.0030211499364936455
500 1000 50000 0.931557142857143 0.002483784143896057
600 100 100 0.27978571428571425 0.0795836423044898
600 100 500 0.8163285714285715 0.006774818319726817
600 100 1000 0.8356285714285715 0.00955589357626048
600 100 5000 0.8330714285714287 0.008698404732935755
600 100 10000 0.8417285714285715 0.006690672764439791
600 100 50000 0.8434714285714285 0.0038097886812680755
600 200 100 0.6667857142857143 0.034179373777714746
600 200 500 0.8194285714285714 0.009481022936285286
600 200 1000 0.8611714285714287 0.004880531921495338
600 200 5000 0.8757142857142857 0.005548303656919635
600 200 10000 0.8812714285714286 0.004485100048937558
600 200 50000 0.8785142857142857 0.004099875558091581
600 300 100 0.6870285714285714 0.024763023784238784
600 300 500 0.7799714285714285 0.0175195284625763
600 300 1000 0.8620428571428571 0.006966113313310193
600 300 5000 0.8908142857142858 0.0029284320524325387
600 300 10000 0.8960142857142858 0.00589065326753895
600 300 50000 0.8943714285714286 0.0043138126514531095
600 400 100 0.7194142857142857 0.026026709201063706
600 400 500 0.6367285714285715 0.028011327883481693
600 400 1000 0.8505142857142858 0.007259954460980468
600 400 5000 0.9007999999999999 0.004368346252255181
600 400 10000 0.9064285714285714 0.004016293346469851
600 400 50000 0.9071142857142858 0.004164377602514747
600 500 100 0.7133142857142858 0.022300434698792334
600 500 500 0.16912857142857143 0.020529565539106995
600 500 1000 0.8388285714285713 0.00749089242932743
600 500 5000 0.9038999999999999 0.003476480744567256
600 500 10000 0.9106571428571429 0.00363610017598468
600 500 50000 0.9124857142857141 0.0041172608290821035
600 600 100 0.7106714285714287 0.0236975887863241
600 600 500 0.5679285714285716 0.036401068048919134
600 600 1000 0.7999857142857143 0.014832596480972123
600 600 5000 0.9083714285714286 0.0051591804443286045
600 600 10000 0.9157714285714285 0.0030925849434822504
600 600 50000 0.9169571428571428 0.004456616269259508
600 700 100 0.7103 0.01988214766865913
600 700 500 0.7021857142857143 0.02588538709979286
600 700 1000 0.7590714285714285 0.018658176519167364
600 700 5000 0.9104142857142857 0.004991196331174169
600 700 10000 0.9179428571428572 0.0034976376867473192
600 700 50000 0.9218714285714287 0.0029161408661140704
600 800 100 0.7363428571428573 0.014563471216627964
600 800 500 0.7351571428571428 0.02858845564066667
600 800 1000 0.6599285714285715 0.026929177712007823
600 800 5000 0.9142714285714286 0.0029182396147300117
600 800 10000 0.9207571428571427 0.004064806644998585
600 800 50000 0.9270999999999999 0.0038782754425341196
600 900 100 0.7440857142857142 0.023211731727639774
600 900 500 0.7675571428571428 0.02033238594871112
600 900 1000 0.5208142857142858 0.0209664503628136
600 900 5000 0.9126857142857144 0.002956694237882325
600 900 10000 0.9236285714285714 0.004772882584273923
600 900 50000 0.9250000000000002 0.004696937777935302
600 1000 100 0.7103142857142857 0.020045743606429117
600 1000 500 0.7884428571428571 0.020265930997209917
600 1000 1000 0.17272857142857145 0.030948703444538008
600 1000 5000 0.9121000000000002 0.004029002003332476
600 1000 10000 0.9247714285714286 0.003243958277494099
600 1000 50000 0.9293142857142858 0.00411011693562236
700 100 100 0.26465714285714287 0.06232332416273924
700 100 500 0.8257857142857145 0.006753154969406263
700 100 1000 0.8342571428571428 0.00891634591577715
700 100 5000 0.8288142857142857 0.01317372926916078
700 100 10000 0.8412857142857144 0.005985697238298276
700 100 50000 0.8430714285714286 0.0070918895901715615
700 200 100 0.6632714285714286 0.02195695696547391
700 200 500 0.8222285714285714 0.011604925062846634
700 200 1000 0.8626428571428573 0.00951438223889259
700 200 5000 0.875357142857143 0.004703993093150579
700 200 10000 0.8801 0.0065729967073082825
700 200 50000 0.8779428571428571 0.004819687516333603
700 300 100 0.7037714285714285 0.02013071569233729
700 300 500 0.7704857142857142 0.01405197349782847
700 300 1000 0.8626857142857143 0.0053843310084134965
700 300 5000 0.8920142857142856 0.003809467261485069
700 300 10000 0.8954857142857142 0.0048865496361889865
700 300 50000 0.8952857142857145 0.004968882763596614
700 400 100 0.7163857142857143 0.026984806760812028
700 400 500 0.6387857142857143 0.01562836902454467
700 400 1000 0.8599571428571429 0.009763332067548678
700 400 5000 0.9002714285714287 0.006906799370983675
700 400 10000 0.9050285714285714 0.004971264365104234
700 400 50000 0.9040142857142858 0.0013301066398862084
700 500 100 0.7240714285714286 0.025087296565783877
700 500 500 0.16582857142857146 0.022360570253032813
700 500 1000 0.8302714285714285 0.010061129485828702
700 500 5000 0.9021714285714285 0.005039760279365412
700 500 10000 0.9107285714285712 0.0035441529888202163
700 500 50000 0.9098428571428571 0.00437686403438698
700 600 100 0.7203428571428571 0.027171804113372916
700 600 500 0.5770285714285714 0.03774867479766132
700 600 1000 0.8067714285714287 0.011662988730271872
700 600 5000 0.9072142857142858 0.006186308120621333
700 600 10000 0.9141428571428571 0.004252730215486785
700 600 50000 0.9167857142857143 0.002380404698914089
700 700 100 0.7319142857142857 0.03208243209265146
700 700 500 0.6796 0.05314956946856556
700 700 1000 0.7464714285714286 0.017769390098981878
700 700 5000 0.9099571428571428 0.0041310422660730045
700 700 10000 0.9176142857142858 0.005526577713602678
700 700 50000 0.9234714285714286 0.0042083735769611955
700 800 100 0.7304142857142857 0.02251733572524212
700 800 500 0.7275142857142858 0.024755391084672892
700 800 1000 0.6615428571428571 0.024328181357497033
700 800 5000 0.9104714285714286 0.0051377156839377295
700 800 10000 0.9209142857142858 0.003454780775111761
700 800 50000 0.9237857142857143 0.0030427230017381047
700 900 100 0.7264857142857142 0.015542594535596659
700 900 500 0.7685142857142858 0.020894799665496296
700 900 1000 0.4976 0.027639353783166145
700 900 5000 0.9115142857142857 0.004501337669662913
700 900 10000 0.9233857142857144 0.0030013942338417876
700 900 50000 0.9283285714285714 0.003091165819306541
700 1000 100 0.7205857142857142 0.018666509353078627
700 1000 500 0.7896285714285713 0.011594016753903548
700 1000 1000 0.15771428571428575 0.024552733751944535
700 1000 5000 0.9134714285714285 0.005616684329490391
700 1000 10000 0.923157142857143 0.002734846934492331
700 1000 50000 0.9288714285714287 0.0031249163254103833
800 100 100 0.2873714285714286 0.05125809841440887
800 100 500 0.8191428571428572 0.00942835497587041
800 100 1000 0.8355714285714285 0.007617916582716323
800 100 5000 0.8266 0.012103769020011737
800 100 10000 0.8314 0.009102320852285928
800 100 50000 0.8403142857142857 0.005527962314174994
800 200 100 0.6500285714285714 0.03224857535217483
800 200 500 0.8140857142857142 0.013290506048319143
800 200 1000 0.8582285714285713 0.006896375859826665
800 200 5000 0.8714714285714285 0.0079169283880834
800 200 10000 0.8775857142857143 0.008182971367917832
800 200 50000 0.8784142857142857 0.004655674615181878
800 300 100 0.6888714285714286 0.026013846391520663
800 300 500 0.7683571428571428 0.005552072604359712
800 300 1000 0.8671142857142857 0.006117822741959834
800 300 5000 0.8907285714285715 0.005032324086770028
800 300 10000 0.8966000000000001 0.005090527417444589
800 300 50000 0.8951714285714287 0.005274428105182076
800 400 100 0.7092999999999999 0.019243175307582853
800 400 500 0.6169 0.02455564692526684
800 400 1000 0.8557142857142856 0.007817040517291684
800 400 5000 0.8945714285714285 0.004959427221700816
800 400 10000 0.9045 0.0028594633433994122
800 400 50000 0.9063285714285714 0.0029137604568667133
800 500 100 0.7203571428571428 0.022000487007596662
800 500 500 0.1941 0.033147478126132744
800 500 1000 0.8360714285714286 0.00801433664358658
800 500 5000 0.9029 0.003749857140135959
800 500 10000 0.9106857142857143 0.004161926555462155
800 500 50000 0.9079714285714287 0.0020817967122224996
800 600 100 0.7314285714285714 0.0425903601242136
800 600 500 0.6021285714285713 0.029775037483483695
800 600 1000 0.8064857142857143 0.017033724052656286
800 600 5000 0.9063571428571429 0.00543092054436296
800 600 10000 0.9139428571428571 0.004573749410873893
800 600 50000 0.9141000000000001 0.0031135320188899695
800 700 100 0.7132857142857143 0.027592368066373076
800 700 500 0.6962571428571429 0.0341752267358825
800 700 1000 0.7421428571428572 0.017310843599387293
800 700 5000 0.9068142857142858 0.003882482900076663
800 700 10000 0.916742857142857 0.004381687308956383
800 700 50000 0.9214142857142857 0.00285817838377336
800 800 100 0.716 0.031322287820108444
800 800 500 0.7355571428571428 0.02280659142101024
800 800 1000 0.6554857142857143 0.028226142174247203
800 800 5000 0.9111857142857142 0.0038044281396009535
800 800 10000 0.9197571428571427 0.004003085544620682
800 800 50000 0.9233857142857144 0.0040958166811655965
800 900 100 0.7371285714285715 0.01668965829121589
800 900 500 0.7598857142857144 0.021058887309016998
800 900 1000 0.5044285714285714 0.024316283282053215
800 900 5000 0.9121285714285714 0.004564034198301456
800 900 10000 0.9212000000000001 0.005432028974104471
800 900 50000 0.9235714285714286 0.0023569263969874877
800 1000 100 0.7387142857142857 0.01240128367285799
800 1000 500 0.7792142857142857 0.0218813358171492
800 1000 1000 0.15342857142857141 0.027051424950207972
800 1000 5000 0.9121571428571429 0.004226471486297988
800 1000 10000 0.9232999999999999 0.004719239821178394
800 1000 50000 0.9272857142857143 0.002220498197454313
900 100 100 0.24335714285714288 0.04652562383750902
900 100 500 0.8224142857142857 0.007220563039835921
900 100 1000 0.8388142857142858 0.009106635840228318
900 100 5000 0.8300142857142857 0.009354350728458957
900 100 10000 0.8349571428571428 0.008122041062467493
900 100 50000 0.8426 0.007445255988526779
900 200 100 0.6696571428571428 0.030145307957238285
900 200 500 0.8178999999999998 0.008572392802907895
900 200 1000 0.8590714285714286 0.004589362145000008
900 200 5000 0.8781714285714285 0.0061686501682263655
900 200 10000 0.8786142857142858 0.005187130857286353
900 200 50000 0.8795428571428572 0.004115079288546014
900 300 100 0.6987857142857142 0.01740317235917823
900 300 500 0.7801857142857143 0.015428181211996567
900 300 1000 0.8587142857142858 0.008519844781569733
900 300 5000 0.8858857142857144 0.007870067292194733
900 300 10000 0.891357142857143 0.007003279115339236
900 300 50000 0.8923857142857143 0.003223668844085337
900 400 100 0.7035 0.028795779877883346
900 400 500 0.6241857142857142 0.028818294217955596
900 400 1000 0.8554857142857143 0.006751024109763826
900 400 5000 0.8966571428571429 0.004046263078194415
900 400 10000 0.9018428571428571 0.006155286428786904
900 400 50000 0.9031428571428572 0.004118648480523974
900 500 100 0.7140857142857143 0.015792170625383496
900 500 500 0.17408571428571432 0.020946111616162433
900 500 1000 0.8351857142857142 0.011088889456918369
900 500 5000 0.9025285714285716 0.004792447289267591
900 500 10000 0.9085571428571428 0.004504623475170943
900 500 50000 0.9061857142857143 0.003700000000000001
900 600 100 0.7308 0.013147700970752508
900 600 500 0.5653571428571429 0.03048862283621513
900 600 1000 0.7912857142857144 0.019478402482372776
900 600 5000 0.9061999999999999 0.004996815312307029
900 600 10000 0.9125285714285714 0.00444101937185873
900 600 50000 0.9151428571428571 0.0028535691936340444
900 700 100 0.7267857142857144 0.030620004798783938
900 700 500 0.6986142857142859 0.021073927212630874
900 700 1000 0.7443000000000001 0.025332680353202873
900 700 5000 0.9087428571428571 0.0041061427353740665
900 700 10000 0.9144714285714285 0.0046141087980237265
900 700 50000 0.9189571428571428 0.0037514895001036254
900 800 100 0.7276714285714286 0.013955475847223871
900 800 500 0.7150000000000001 0.03257869593110551
900 800 1000 0.6602285714285714 0.03269451679672646
900 800 5000 0.9079142857142856 0.0044111176796446435
900 800 10000 0.9190000000000002 0.0032819854617942242
900 800 50000 0.9206714285714286 0.0036044473662860694
900 900 100 0.7212571428571428 0.022045852032451255
900 900 500 0.7559142857142856 0.018603730150434983
900 900 1000 0.4879428571428572 0.020252004184015678
900 900 5000 0.9086142857142858 0.004781362627058151
900 900 10000 0.9212714285714284 0.004494191262289677
900 900 50000 0.9221857142857142 0.0036533741742590196
900 1000 100 0.7153428571428571 0.019701672983971366
900 1000 500 0.7734857142857143 0.02436693979764469
900 1000 1000 0.16601428571428573 0.019284492024760753
900 1000 5000 0.9090714285714286 0.003437636824735212
900 1000 10000 0.9221714285714284 0.003347127918995991
900 1000 50000 0.9276571428571427 0.00475059609578694
1000 100 100 0.27764285714285714 0.04007738687558747
1000 100 500 0.8188571428571428 0.010722282729847007
1000 100 1000 0.8349142857142857 0.011657563017638149
1000 100 5000 0.8329000000000001 0.008698592426598767
1000 100 10000 0.8313571428571429 0.007856948049533045
1000 100 50000 0.8461428571428572 0.006735528705215029
1000 200 100 0.6501571428571429 0.029029362334557406
1000 200 500 0.817757142857143 0.015392954921797493
1000 200 1000 0.8590571428571427 0.006436566456978612
1000 200 5000 0.872942857142857 0.007171143989800309
1000 200 10000 0.8775714285714284 0.00897570416770309
1000 200 50000 0.8753857142857143 0.0043307396738258355
1000 300 100 0.7079285714285715 0.023810326176956505
1000 300 500 0.7644428571428572 0.02098925381022878
1000 300 1000 0.8603142857142856 0.005003182660536598
1000 300 5000 0.8877714285714285 0.00644353813315862
1000 300 10000 0.8947571428571429 0.005424077086924379
1000 300 50000 0.8940857142857143 0.004388389133118608
1000 400 100 0.7090142857142857 0.02517898783850191
1000 400 500 0.6284714285714286 0.03439921985351722
1000 400 1000 0.8537000000000001 0.00831066440527728
1000 400 5000 0.8978000000000002 0.0037640620697998997
1000 400 10000 0.9017428571428571 0.005018659061493444
1000 400 50000 0.9013714285714286 0.00445714285714285
1000 500 100 0.7174142857142857 0.018450866911771863
1000 500 500 0.15954285714285713 0.038087107465677165
1000 500 1000 0.8351142857142857 0.007351467991677116
1000 500 5000 0.9031714285714285 0.004456043820544447
1000 500 10000 0.909 0.0056507178521757705
1000 500 50000 0.9100000000000001 0.0024602969789214077
1000 600 100 0.7210428571428571 0.01909044530755676
1000 600 500 0.5798714285714286 0.028664523333891034
1000 600 1000 0.7987857142857143 0.021841380871349365
1000 600 5000 0.9061142857142859 0.004129436389867179
1000 600 10000 0.9133000000000001 0.0047157789842794074
1000 600 50000 0.9138428571428572 0.0034860948270030293
1000 700 100 0.7239428571428572 0.025490470408226173
1000 700 500 0.6720714285714287 0.03198553563403179
1000 700 1000 0.7362285714285715 0.02267464645450363
1000 700 5000 0.9077285714285713 0.003857380945032786
1000 700 10000 0.9155999999999999 0.004215036252779443
1000 700 50000 0.918542857142857 0.004233394932328102
1000 800 100 0.717657142857143 0.01706556384617151
1000 800 500 0.7401571428571428 0.018883363804455714
1000 800 1000 0.6564428571428571 0.018220021505845424
1000 800 5000 0.9081428571428571 0.005149598755916681
1000 800 10000 0.9181285714285714 0.005723011195416037
1000 800 50000 0.9201857142857144 0.004327439738907694
1000 900 100 0.7248428571428571 0.03428597916564347
1000 900 500 0.7593428571428571 0.02243077332230734
1000 900 1000 0.4828428571428572 0.0207303829079495
1000 900 5000 0.9092285714285714 0.004333636828723115
1000 900 10000 0.9205428571428571 0.004695112526090623
1000 900 50000 0.923242857142857 0.003181611708116564
1000 1000 100 0.7205285714285715 0.027313153742234524
1000 1000 500 0.7779142857142858 0.017720989514915787
1000 1000 1000 0.16351428571428572 0.016549024263733267
1000 1000 5000 0.9089428571428572 0.006596907129365189
1000 1000 10000 0.9226857142857143 0.006137805231613716
1000 1000 50000 0.9258571428571429 0.0043677855968909714
