100 100 100 0.5094857142857142 0.04958518541101665
100 100 500 0.7986428571428571 0.013761711153688388
100 100 1000 0.8219428571428573 0.00961253433421855
100 100 5000 0.8267571428571427 0.010699046305009372
100 100 10000 0.828342857142857 0.010322197203214095
100 100 50000 0.8101571428571429 0.011420613300662318
100 200 100 0.5296285714285716 0.037015782623974154
100 200 500 0.8073714285714285 0.00768146457123793
100 200 1000 0.8450714285714286 0.006473572650178762
100 200 5000 0.8696571428571429 0.010044025536586022
100 200 10000 0.8721142857142856 0.010869691995711406
100 200 50000 0.8683571428571428 0.005452672065424554
100 300 100 0.6079571428571429 0.039316977171160415
100 300 500 0.7512285714285714 0.020272249052156344
100 300 1000 0.8517428571428571 0.00809479550610849
100 300 5000 0.8862714285714286 0.007119805661186348
100 300 10000 0.8826 0.004670270717145701
100 300 50000 0.8822428571428571 0.005313459997295277
100 400 100 0.6374428571428572 0.028281994704931885
100 400 500 0.6268857142857143 0.03768244326755159
100 400 1000 0.8416428571428571 0.008429116205154607
100 400 5000 0.8911714285714286 0.00619275415963146
100 400 10000 0.8939571428571428 0.003294429435596139
100 400 50000 0.8905285714285714 0.005078184634657685
100 500 100 0.670042857142857 0.022719770227352065
100 500 500 0.3296428571428571 0.041698737317544164
100 500 1000 0.8176857142857143 0.01910431087156903
100 500 5000 0.8986142857142857 0.007617126245829073
100 500 10000 0.9012714285714285 0.007393999221652368
100 500 50000 0.9007714285714286 0.005229508112819106
100 600 100 0.6778857142857143 0.017074960782218113
100 600 500 0.4763285714285715 0.03343486204547583
100 600 1000 0.792542857142857 0.017238992347085053
100 600 5000 0.9007142857142856 0.004645823228383498
100 600 10000 0.9024285714285714 0.005289959685043712
100 600 50000 0.9082285714285714 0.00385354329395263
100 700 100 0.6701571428571429 0.027991503813019503
100 700 500 0.6042428571428571 0.045890644193449674
100 700 1000 0.7229142857142857 0.031992996682628734
100 700 5000 0.9004571428571427 0.005172059945672764
100 700 10000 0.9057571428571428 0.007431881130834714
100 700 50000 0.9131 0.005907812192170587
100 800 100 0.6712142857142858 0.0218250230848231
100 800 500 0.6928142857142857 0.017861490899218277
100 800 1000 0.6596571428571429 0.040324611414299896
100 800 5000 0.9012714285714285 0.005135888135344808
100 800 10000 0.9106571428571428 0.004256183976382634
100 800 50000 0.9131 0.006647402438823262
100 900 100 0.6931857142857143 0.0201867859385939
100 900 500 0.7076428571428572 0.057657477345766275
100 900 1000 0.5154714285714286 0.04925837958341376
100 900 5000 0.9040142857142855 0.008195182756239403
100 900 10000 0.9109285714285715 0.005404174501329169
100 900 50000 0.9193714285714286 0.00470180165208085
100 1000 100 0.6796142857142857 0.029115256537858406
100 1000 500 0.7282714285714287 0.023611779315608122
100 1000 1000 0.2883428571428571 0.031490925158638
100 1000 5000 0.9079714285714287 0.00498929466202286
100 1000 10000 0.9187714285714286 0.0038720347443204225
100 1000 50000 0.9213857142857144 0.0055868102688020555
200 100 100 0.40309999999999996 0.04372362411926131
200 100 500 0.8082285714285715 0.011025240059397654
200 100 1000 0.8278142857142857 0.00910618762497373
200 100 5000 0.8342 0.012701630941395993
200 100 10000 0.8340571428571428 0.008304215796810694
200 100 50000 0.8226285714285714 0.006985173803222402
200 200 100 0.6135428571428572 0.03667467568683728
200 200 500 0.8107857142857144 0.005880875264580201
200 200 1000 0.8488857142857142 0.007338965060774251
200 200 5000 0.8682142857142857 0.00656249392613909
200 200 10000 0.8792 0.005759535128633139
200 200 50000 0.868742857142857 0.006565773964667233
200 300 100 0.6494142857142856 0.023689009765574188
200 300 500 0.7655857142857142 0.018428953484411748
200 300 1000 0.8512857142857143 0.009196938266042006
200 300 5000 0.8858428571428572 0.00781402454512633
200 300 10000 0.8868714285714285 0.004947252381115076
200 300 50000 0.8854428571428571 0.005615739542771277
200 400 100 0.687342857142857 0.03212699291046996
200 400 500 0.6056142857142858 0.031836575679874995
200 400 1000 0.8453428571428571 0.0072199270729540795
200 400 5000 0.8960142857142858 0.0069430482043081635
200 400 10000 0.8973428571428572 0.00641973996548848
200 400 50000 0.8939571428571428 0.005791284796298381
200 500 100 0.6770714285714287 0.017164064263478405
200 500 500 0.23022857142857145 0.05007921072599662
200 500 1000 0.8174571428571429 0.011422462653089513
200 500 5000 0.8987142857142858 0.006180614856144977
200 500 10000 0.9022142857142856 0.0043411885892399105
200 500 50000 0.9017857142857144 0.00631171570193406
200 600 100 0.7029428571428571 0.021584877548309362
200 600 500 0.547142857142857 0.0659943720544195
200 600 1000 0.7864714285714286 0.019289317123787453
200 600 5000 0.9025285714285713 0.005662641627728326
200 600 10000 0.9098428571428571 0.005394044334793166
200 600 50000 0.9061142857142859 0.005051085961232035
200 700 100 0.7144857142857144 0.016292630110524453
200 700 500 0.6861 0.027822179524066553
200 700 1000 0.7345142857142857 0.022534073972451548
200 700 5000 0.9059999999999999 0.00392064134695186
200 700 10000 0.9143142857142857 0.004629893990940496
200 700 50000 0.9123142857142856 0.004164377602514763
200 800 100 0.7142714285714284 0.02556252438749399
200 800 500 0.6944428571428571 0.04778029864678022
200 800 1000 0.6321285714285715 0.028992500789701052
200 800 5000 0.9047428571428572 0.004085714285714286
200 800 10000 0.9152142857142858 0.002542094588712065
200 800 50000 0.9133571428571428 0.003998086276901866
200 900 100 0.6993142857142858 0.023981778797364368
200 900 500 0.7250571428571428 0.06277670827656395
200 900 1000 0.4770142857142857 0.020357864648858064
200 900 5000 0.9108428571428572 0.002847447836866102
200 900 10000 0.9161857142857143 0.0029298255154565855
200 900 50000 0.915557142857143 0.004686258679177176
200 1000 100 0.6882571428571429 0.03089599406038898
200 1000 500 0.7630999999999999 0.022923924762802122
200 1000 1000 0.2302285714285714 0.025223183375455146
200 1000 5000 0.9075285714285715 0.002906045774040101
200 1000 10000 0.9186714285714286 0.004363601770116427
200 1000 50000 0.9212714285714284 0.00335908758262644
300 100 100 0.36475714285714284 0.05797790043435094
300 100 500 0.8064714285714286 0.006061942168739551
300 100 1000 0.8252142857142857 0.005705797266726136
300 100 5000 0.8343571428571428 0.010898464598843508
300 100 10000 0.8300285714285713 0.011135492071456459
300 100 50000 0.8279428571428571 0.006738012787649671
300 200 100 0.627 0.03486639221546229
300 200 500 0.8019285714285713 0.011891044477904794
300 200 1000 0.8508000000000001 0.007749180338485292
300 200 5000 0.8686857142857143 0.008255066471505822
300 200 10000 0.8734999999999999 0.008923541440299075
300 200 50000 0.8692571428571428 0.006650088230195729
300 300 100 0.6896142857142857 0.032457950819923496
300 300 500 0.7449857142857143 0.020309488081250316
300 300 1000 0.8526428571428571 0.00862820481718805
300 300 5000 0.886742857142857 0.005076476361108948
300 300 10000 0.8885142857142858 0.0077932990577855785
300 300 50000 0.8844428571428571 0.005833908620806335
300 400 100 0.6907857142857143 0.022084554580529988
300 400 500 0.6286571428571428 0.041899403337040515
300 400 1000 0.8442000000000001 0.008924902103161702
300 400 5000 0.8959142857142858 0.008568380410389282
300 400 10000 0.8965428571428571 0.005086115553993199
300 400 50000 0.8970142857142858 0.004585002169896896
300 500 100 0.6948571428571428 0.021940922533764454
300 500 500 0.1711285714285714 0.03812141987205126
300 500 1000 0.8247857142857142 0.013206097849408939
300 500 5000 0.8986428571428571 0.004595139401851593
300 500 10000 0.9071285714285715 0.004124812920927802
300 500 50000 0.9060857142857142 0.005243149077119402
300 600 100 0.6909142857142857 0.01911161629875979
300 600 500 0.5212428571428571 0.053696237469373465
300 600 1000 0.7807142857142857 0.01272728067850267
300 600 5000 0.9021714285714287 0.005652812195207428
300 600 10000 0.9088571428571429 0.006434600347547097
300 600 50000 0.9096571428571428 0.0031591784000377754
300 700 100 0.7061285714285714 0.0305001472060683
300 700 500 0.6336428571428571 0.0506369329599635
300 700 1000 0.7277 0.018437035708439832
300 700 5000 0.9057999999999999 0.00479208531149572
300 700 10000 0.9127142857142857 0.005243849653038647
300 700 50000 0.9128428571428572 0.005092792025229868
300 800 100 0.7229571428571429 0.020135160636993967
300 800 500 0.7071714285714287 0.032299036442315736
300 800 1000 0.6362285714285715 0.03940207184027413
300 800 5000 0.9082571428571429 0.004326378510996022
300 800 10000 0.9133714285714287 0.00629680839142872
300 800 50000 0.9195571428571429 0.003894763622284345
300 900 100 0.6865285714285714 0.03381631353687873
300 900 500 0.7424285714285715 0.032056518965153775
300 900 1000 0.49037142857142857 0.024292536856795676
300 900 5000 0.9084999999999999 0.0036090871704742085
300 900 10000 0.9178428571428571 0.0032016896049634016
300 900 50000 0.9215285714285713 0.0030766069303831537
300 1000 100 0.7210714285714286 0.02078777603913082
300 1000 500 0.7361857142857143 0.03528415554683238
300 1000 1000 0.19475714285714285 0.03337028190300037
300 1000 5000 0.9098142857142857 0.005442107184927983
300 1000 10000 0.9210857142857144 0.003610754910044184
300 1000 50000 0.9233142857142858 0.004784669395526679
400 100 100 0.35679999999999995 0.04866789580033898
400 100 500 0.813557142857143 0.010502176645139534
400 100 1000 0.8317571428571429 0.008683094059664435
400 100 5000 0.8342285714285713 0.008748690864165607
400 100 10000 0.8278857142857141 0.01031954753002718
400 100 50000 0.8303571428571427 0.004612870194203521
400 200 100 0.6303571428571428 0.036712854335632726
400 200 500 0.8128142857142858 0.014341612068895667
400 200 1000 0.8532 0.004491352234902005
400 200 5000 0.8690428571428571 0.006394848053914397
400 200 10000 0.8718285714285715 0.004733208774829446
400 200 50000 0.8704142857142857 0.004740382314729033
400 300 100 0.6836571428571429 0.04016995526662246
400 300 500 0.7521428571428571 0.011704525550715307
400 300 1000 0.8512285714285713 0.005055689863905817
400 300 5000 0.8824714285714286 0.011207513878953655
400 300 10000 0.8905 0.0039709403605366345
400 300 50000 0.8830714285714286 0.005882263204597637
400 400 100 0.6742714285714285 0.021456786186877748
400 400 500 0.6182571428571427 0.03895721357843652
400 400 1000 0.8428857142857142 0.010316382849722123
400 400 5000 0.8944857142857143 0.007207195950533581
400 400 10000 0.9002000000000001 0.006368352877106219
400 400 50000 0.8947571428571429 0.004051731804086361
400 500 100 0.7012 0.023544244064557025
400 500 500 0.17871428571428574 0.031638132507646986
400 500 1000 0.8232428571428573 0.007496135058570276
400 500 5000 0.8995428571428571 0.005323724336996278
400 500 10000 0.9072571428571429 0.006959885056522125
400 500 50000 0.9048857142857143 0.005035709219855625
400 600 100 0.7046714285714286 0.01352443744350445
400 600 500 0.5541142857142857 0.02803531300895717
400 600 1000 0.7809571428571428 0.019561838109034686
400 600 5000 0.9029428571428572 0.004886131978803432
400 600 10000 0.9092142857142859 0.0037889474064678654
400 600 50000 0.9076571428571428 0.004371148450408678
400 700 100 0.7181 0.023940747435180505
400 700 500 0.6752 0.021002254495114354
400 700 1000 0.7276285714285715 0.019177176059906563
400 700 5000 0.9045285714285713 0.0034297914496008463
400 700 10000 0.9135714285714286 0.004431335542912274
400 700 50000 0.9125857142857143 0.004439364727488976
400 800 100 0.7014142857142858 0.02226174993579977
400 800 500 0.7063285714285714 0.03594786758172826
400 800 1000 0.6226714285714285 0.03762169641066609
400 800 5000 0.9075285714285715 0.006226359371286564
400 800 10000 0.9150428571428572 0.00573355679045633
400 800 50000 0.916342857142857 0.0034701055679995114
400 900 100 0.7082571428571429 0.028698275565060747
400 900 500 0.7434000000000001 0.0287783081575023
400 900 1000 0.4734857142857143 0.041127586451759346
400 900 5000 0.9065 0.005693264907425493
400 900 10000 0.9211285714285713 0.00429829107000083
400 900 50000 0.918142857142857 0.004750080557856084
400 1000 100 0.7184714285714285 0.02083041829946322
400 1000 500 0.7546857142857143 0.029481353498128818
400 1000 1000 0.1790714285714286 0.014139862597837168
400 1000 5000 0.9075857142857142 0.004309197567235621
400 1000 10000 0.9175857142857143 0.006863821152705438
400 1000 50000 0.9249142857142857 0.003278999349602547
500 100 100 0.3074285714285715 0.08329982727767085
500 100 500 0.8080857142857143 0.01309622160808847
500 100 1000 0.8265 0.008800104359306973
500 100 5000 0.8243714285714286 0.005711856626566277
500 100 10000 0.8315714285714286 0.008510257915945816
500 100 50000 0.8338142857142857 0.005123395717048358
500 200 100 0.6324 0.02827566921202316
500 200 500 0.7998714285714286 0.010623318594449843
500 200 1000 0.8526285714285715 0.0061152869674184155
500 200 5000 0.8648428571428571 0.008834175290383625
500 200 10000 0.8724142857142858 0.009744585100224143
500 200 50000 0.870742857142857 0.005785202799260497
500 300 100 0.6841142857142858 0.028169081327887535
500 300 500 0.7627571428571429 0.014864977329966172
500 300 1000 0.8520142857142858 0.006401992674478889
500 300 5000 0.8841857142857142 0.005056436593136324
500 300 10000 0.8902428571428571 0.007150581537646469
500 300 50000 0.8859 0.006827928840058145
500 400 100 0.6960142857142857 0.022936064641182242
500 400 500 0.5997714285714286 0.029008176187314584
500 400 1000 0.8409571428571428 0.007658009012845072
500 400 5000 0.8936571428571428 0.0037105475694708644
500 400 10000 0.8956571428571429 0.010657219455871792
500 400 50000 0.8961 0.004722093102142965
500 500 100 0.6853 0.026351273059128183
500 500 500 0.16528571428571429 0.033746413263682766
500 500 1000 0.8161857142857143 0.0067919670439815115
500 500 5000 0.8982571428571429 0.002113899578639305
500 500 10000 0.9040142857142855 0.0025757503364880656
500 500 50000 0.9064571428571429 0.0046885879689792555
500 600 100 0.6913571428571428 0.02536277603424486
500 600 500 0.5612285714285715 0.055642341827799015
500 600 1000 0.7854571428571429 0.01677228033855572
500 600 5000 0.9003428571428571 0.006023491427701375
500 600 10000 0.9104714285714286 0.004501269662154054
500 600 50000 0.9075142857142856 0.0039326991302385955
500 700 100 0.7024 0.0305084665398352
500 700 500 0.6529285714285713 0.03559673511742908
500 700 1000 0.7143285714285714 0.029717379646617987
500 700 5000 0.9043571428571427 0.0029500951212613103
500 700 10000 0.9134142857142857 0.0039406049468246225
500 700 50000 0.9122714285714286 0.005323590165001224
500 800 100 0.7002285714285714 0.029422482032955537
500 800 500 0.7012285714285715 0.045221640115036495
500 800 1000 0.6205428571428572 0.0331129668170729
500 800 5000 0.9008 0.008810754096846774
500 800 10000 0.9126 0.009356608490739554
500 800 50000 0.9169714285714285 0.002996460497020473
500 900 100 0.7065714285714286 0.030606588593081106
500 900 500 0.7318 0.02624859179896267
500 900 1000 0.4692428571428571 0.02614403197984705
500 900 5000 0.9070857142857143 0.006479858904989479
500 900 10000 0.9200857142857142 0.0034789160873549586
500 900 50000 0.9206 0.002509410858576747
500 1000 100 0.6940999999999999 0.029432735489032406
500 1000 500 0.7467 0.03080461468212654
500 1000 1000 0.17304285714285714 0.018987541565296903
500 1000 5000 0.9068714285714286 0.005996070141589184
500 1000 10000 0.9169285714285713 0.01190270934686377
500 1000 50000 0.9211714285714286 0.003085714285714292
600 100 100 0.29769999999999996 0.06999374461846063
600 100 500 0.8174571428571429 0.008025418801456751
600 100 1000 0.8250714285714285 0.007800640999302574
600 100 5000 0.8303285714285714 0.011570908277544475
600 100 10000 0.8243714285714286 0.007680667488000283
600 100 50000 0.8329428571428572 0.006974940567371698
600 200 100 0.6344285714285715 0.037693500766047175
600 200 500 0.8093857142857143 0.014922938103223921
600 200 1000 0.8504999999999999 0.010780982878974176
600 200 5000 0.8674142857142858 0.007681796664843449
600 200 10000 0.8736142857142857 0.006475085690079899
600 200 50000 0.8686 0.007172452971797939
600 300 100 0.6828428571428571 0.033451850868533604
600 300 500 0.7670428571428571 0.008197573060463223
600 300 1000 0.8563714285714286 0.009201419588790633
600 300 5000 0.8842285714285714 0.008079502914594352
600 300 10000 0.8905142857142858 0.0053349827381470065
600 300 50000 0.8845142857142857 0.0029817129715816034
600 400 100 0.7146428571428571 0.024818381107887075
600 400 500 0.6065571428571428 0.03694675982037518
600 400 1000 0.8350428571428571 0.009667967306354242
600 400 5000 0.8908285714285714 0.005603133234255314
600 400 10000 0.8974142857142858 0.004801126568476476
600 400 50000 0.8960571428571429 0.004683100316182484
600 500 100 0.7109714285714285 0.027774294384762123
600 500 500 0.17267142857142856 0.05138808128310672
600 500 1000 0.8236285714285714 0.010282380412082391
600 500 5000 0.9005142857142857 0.007285490192632118
600 500 10000 0.9009714285714286 0.008696656641186549
600 500 50000 0.9067714285714287 0.001896505917174409
600 600 100 0.6935 0.02669420559306639
600 600 500 0.5193714285714286 0.05939367794295819
600 600 1000 0.7849999999999999 0.019805482646407354
600 600 5000 0.9039999999999999 0.0038750905190217586
600 600 10000 0.9086142857142857 0.0043607947225528364
600 600 50000 0.9093285714285713 0.0030546384935914556
600 700 100 0.7103714285714287 0.014100687492285682
600 700 500 0.6517142857142856 0.04709833395380867
600 700 1000 0.7291428571428572 0.024556889386209528
600 700 5000 0.9035 0.004940978173006074
600 700 10000 0.9147857142857143 0.005214677089030286
600 700 50000 0.9117 0.0031418504881352656
600 800 100 0.7159428571428572 0.018038869596693995
600 800 500 0.7205571428571429 0.02293677645803165
600 800 1000 0.6438714285714285 0.01823323384171142
600 800 5000 0.9035571428571428 0.0060939749435196195
600 800 10000 0.9140428571428572 0.008502592641815368
600 800 50000 0.9168428571428573 0.004303510669399202
600 900 100 0.7259428571428572 0.02022336494740475
600 900 500 0.7283714285714284 0.03386426688160502
600 900 1000 0.476 0.04027735475577373
600 900 5000 0.9073142857142857 0.006203290765918557
600 900 10000 0.917457142857143 0.003546081482080043
600 900 50000 0.9192428571428571 0.004824702592081806
600 1000 100 0.7067857142857144 0.021873593249227545
600 1000 500 0.7599714285714285 0.02815110829006889
600 1000 1000 0.17648571428571427 0.02259376832993864
600 1000 5000 0.9055285714285715 0.005307311091353913
600 1000 10000 0.9159857142857144 0.0064160035879678575
600 1000 50000 0.9217428571428572 0.0036943420612209235
700 100 100 0.2797428571428571 0.0520923747798474
700 100 500 0.8065285714285715 0.013679278236121412
700 100 1000 0.8225142857142856 0.008556701634224655
700 100 5000 0.8255714285714285 0.01728288052332923
700 100 10000 0.8274857142857142 0.008768496485272986
700 100 50000 0.8320000000000001 0.007798220623832027
700 200 100 0.6404142857142858 0.020068398347772992
700 200 500 0.8075857142857142 0.01669968226509421
700 200 1000 0.8467285714285715 0.0044024343914961855
700 200 5000 0.8607142857142858 0.013822785094006985
700 200 10000 0.8720285714285714 0.007434008998912933
700 200 50000 0.8724428571428572 0.007306538866254102
700 300 100 0.6747000000000001 0.032256589265147156
700 300 500 0.7517285714285714 0.0173419922118986
700 300 1000 0.8503857142857143 0.010779051868493504
700 300 5000 0.8835857142857142 0.006030009984084862
700 300 10000 0.8939857142857143 0.004125802333844807
700 300 50000 0.8884285714285716 0.0037405663654978636
700 400 100 0.7004142857142857 0.03141041358582617
700 400 500 0.6227 0.024933171904603098
700 400 1000 0.8343428571428572 0.012090002616430898
700 400 5000 0.8949 0.005563749286447852
700 400 10000 0.8971 0.0066477094413283835
700 400 50000 0.8968428571428572 0.004281164251338525
700 500 100 0.6931428571428572 0.018970976758819605
700 500 500 0.1416 0.01967001239844809
700 500 1000 0.8232857142857142 0.011104696561108091
700 500 5000 0.8941571428571429 0.011710182208101568
700 500 10000 0.9055142857142858 0.005928898441927797
700 500 50000 0.9054714285714287 0.004264255802718723
700 600 100 0.6917285714285715 0.034601666233325376
700 600 500 0.5357714285714286 0.023469580833278533
700 600 1000 0.7852428571428571 0.016348881257362755
700 600 5000 0.9033428571428572 0.0052834744288977305
700 600 10000 0.905742857142857 0.011845570945311495
700 600 50000 0.9084999999999999 0.003261557159094524
700 700 100 0.6946428571428572 0.03667681523129025
700 700 500 0.6244 0.05719268541785848
700 700 1000 0.7094 0.024333633396714807
700 700 5000 0.9045142857142858 0.005118673297499128
700 700 10000 0.9026285714285714 0.013096844923063553
700 700 50000 0.9095857142857143 0.005622640094533276
700 800 100 0.7093428571428572 0.023210237009578697
700 800 500 0.6833428571428571 0.046023649643749595
700 800 1000 0.6223571428571428 0.03500438748010229
700 800 5000 0.9038999999999999 0.004891913360488987
700 800 10000 0.914042857142857 0.004142881773325776
700 800 50000 0.9183714285714284 0.004463091268781028
700 900 100 0.7074142857142857 0.019773766377063677
700 900 500 0.7360285714285715 0.020588068666792688
700 900 1000 0.4692428571428572 0.03602850628746802
700 900 5000 0.9037142857142857 0.00802343506262013
700 900 10000 0.9165571428571428 0.003058911370979924
700 900 50000 0.9180285714285714 0.003738274184373186
700 1000 100 0.7141714285714286 0.01273686598430091
700 1000 500 0.7544285714285714 0.012926637582282316
700 1000 1000 0.1518857142857143 0.03110186030265254
700 1000 5000 0.9046714285714288 0.008769392504498777
700 1000 10000 0.9209714285714286 0.003715823857339794
700 1000 50000 0.9224714285714286 0.0041487888569547385
800 100 100 0.28677142857142857 0.0723237392928914
800 100 500 0.819842857142857 0.007464323308175995
800 100 1000 0.8224142857142857 0.012459149576245807
800 100 5000 0.8214714285714285 0.011983841161313496
800 100 10000 0.8286999999999999 0.013511514363984652
800 100 50000 0.8329000000000001 0.004470333046991068
800 200 100 0.6550571428571429 0.025056116610357577
800 200 500 0.8106428571428571 0.013961938056219644
800 200 1000 0.8459714285714288 0.00923586620138014
800 200 5000 0.8718714285714286 0.005326272962726318
800 200 10000 0.8751857142857142 0.00833018852225607
800 200 50000 0.8732428571428571 0.006640644792887684
800 300 100 0.6809571428571429 0.023931112871433832
800 300 500 0.7623428571428572 0.01970322671181403
800 300 1000 0.8498571428571429 0.009187169402631755
800 300 5000 0.8818428571428573 0.008886001373405441
800 300 10000 0.8837857142857143 0.01289712038734671
800 300 50000 0.8867428571428573 0.006124824029125671
800 400 100 0.6955571428571429 0.015955096428439917
800 400 500 0.6241571428571429 0.02345438038370813
800 400 1000 0.8448714285714287 0.006159263804404328
800 400 5000 0.8906714285714286 0.006632957292865629
800 400 10000 0.8972285714285713 0.006916764608764802
800 400 50000 0.8962714285714286 0.0035602396158754324
800 500 100 0.7073285714285715 0.021161579548313308
800 500 500 0.18017142857142857 0.019820088757806966
800 500 1000 0.8127857142857143 0.011187866970380869
800 500 5000 0.8932571428571429 0.0070261319808444375
800 500 10000 0.9029428571428572 0.008684069393118062
800 500 50000 0.9041857142857144 0.004557142857142849
800 600 100 0.6887714285714286 0.028290273802788365
800 600 500 0.5197857142857143 0.048887177484990677
800 600 1000 0.7743428571428572 0.013204544672195251
800 600 5000 0.9015428571428572 0.004782536258223723
800 600 10000 0.9043857142857143 0.005542801914305121
800 600 50000 0.9093428571428571 0.005232239150747258
800 700 100 0.7150000000000001 0.011407480538878778
800 700 500 0.640957142857143 0.05137699993624562
800 700 1000 0.7243571428571429 0.027479212922810255
800 700 5000 0.9011285714285714 0.004189613006335698
800 700 10000 0.9055857142857142 0.010839920550955187
800 700 50000 0.9114714285714285 0.004029508502970341
800 800 100 0.7050142857142856 0.02311536727118202
800 800 500 0.7174428571428572 0.01752647559946881
800 800 1000 0.6257285714285714 0.027566131985700498
800 800 5000 0.9023428571428571 0.006687850696507497
800 800 10000 0.9133142857142855 0.004319296994953261
800 800 50000 0.9165571428571428 0.005017296613328988
800 900 100 0.7028857142857143 0.029875442102441363
800 900 500 0.7372142857142856 0.02447216244417068
800 900 1000 0.46072857142857143 0.02253382491513862
800 900 5000 0.9039999999999999 0.007428296698216529
800 900 10000 0.9200285714285714 0.004001428316417611
800 900 50000 0.9192714285714286 0.005292061825729832
800 1000 100 0.7091428571428571 0.030549792076516136
800 1000 500 0.7608857142857143 0.02888130530149852
800 1000 1000 0.16281428571428572 0.01694830676028778
800 1000 5000 0.9008285714285714 0.008449079167312284
800 1000 10000 0.9163571428571429 0.00639331602503101
800 1000 50000 0.921442857142857 0.003549331641596874
900 100 100 0.2145428571428571 0.055598003194212604
900 100 500 0.8096857142857143 0.012624369048691143
900 100 1000 0.8266428571428571 0.006040762892758724
900 100 5000 0.8286857142857142 0.011643479387403828
900 100 10000 0.8275714285714285 0.013642071779937983
900 100 50000 0.8388285714285715 0.007113023410675407
900 200 100 0.6251428571428572 0.02604783668403897
900 200 500 0.8050571428571429 0.012146755676697674
900 200 1000 0.8479428571428571 0.005195052591511613
900 200 5000 0.8680142857142858 0.00857320219745033
900 200 10000 0.8717571428571429 0.010376395898226648
900 200 50000 0.8734571428571428 0.00420679722082524
900 300 100 0.6895857142857142 0.025590770817238175
900 300 500 0.7619285714285713 0.013690492753613167
900 300 1000 0.8559857142857143 0.007139842220860041
900 300 5000 0.8794857142857142 0.008959591827437571
900 300 10000 0.8884142857142857 0.004748125301374321
900 300 50000 0.8885 0.003899895341348202
900 400 100 0.6963857142857143 0.015282916967006292
900 400 500 0.6211714285714285 0.026211603599652317
900 400 1000 0.8351428571428571 0.012627472479656808
900 400 5000 0.8912285714285714 0.008766634334282479
900 400 10000 0.8920571428571428 0.010953929497151783
900 400 50000 0.8974285714285714 0.005124570663947956
900 500 100 0.6861142857142857 0.033425689741482925
900 500 500 0.1670714285714286 0.033995753036074904
900 500 1000 0.8049571428571429 0.026720247615863526
900 500 5000 0.895142857142857 0.005876622659108814
900 500 10000 0.9041428571428571 0.004069799172701574
900 500 50000 0.9023571428571427 0.0036779819222514235
900 600 100 0.7121857142857142 0.019146486862703357
900 600 500 0.5694 0.03258413286073015
900 600 1000 0.7884714285714286 0.016860175272045134
900 600 5000 0.8990571428571428 0.006853630052604168
900 600 10000 0.9045 0.007780994637642444
900 600 50000 0.9083857142857144 0.004554455096330384
900 700 100 0.6988 0.026274935678283956
900 700 500 0.6679999999999999 0.047852537091803725
900 700 1000 0.7257428571428571 0.0170763949739435
900 700 5000 0.9005285714285716 0.006227342604865035
900 700 10000 0.9117000000000001 0.004301613366054682
900 700 50000 0.9117999999999998 0.0067625016503827075
900 800 100 0.7200285714285715 0.026444458545319106
900 800 500 0.7012 0.028447100924706
900 800 1000 0.6143285714285713 0.030292522819592126
900 800 5000 0.9050571428571429 0.004450269425459967
900 800 10000 0.9128999999999999 0.005817654341813063
900 800 50000 0.9173857142857141 0.0035879901713059205
900 900 100 0.7124142857142857 0.023771913628292944
900 900 500 0.7358285714285715 0.033621591701932095
900 900 1000 0.47509999999999997 0.020808264645352344
900 900 5000 0.9029714285714286 0.003443894331024876
900 900 10000 0.9145857142857142 0.008924044566706927
900 900 50000 0.9201 0.003149376355498252
900 1000 100 0.7073 0.02437114804728856
900 1000 500 0.750257142857143 0.029447137000921147
900 1000 1000 0.17725714285714284 0.02951414742050299
900 1000 5000 0.9039285714285713 0.0063036270738134744
900 1000 10000 0.9163142857142856 0.0062465664037721375
900 1000 50000 0.9198857142857143 0.00289461146100889
1000 100 100 0.23884285714285713 0.05215328467163708
1000 100 500 0.8140571428571427 0.009859875397647905
1000 100 1000 0.824957142857143 0.009882586210303532
1000 100 5000 0.8200142857142858 0.01283147437724432
1000 100 10000 0.8273142857142858 0.007965435535192397
1000 100 50000 0.833 0.010449099170234127
1000 200 100 0.6492142857142855 0.028447534952926207
1000 200 500 0.8127285714285714 0.009564699126880833
1000 200 1000 0.8500428571428571 0.003933140200493089
1000 200 5000 0.8698714285714285 0.006469536147142521
1000 200 10000 0.8693714285714286 0.007647648698276159
1000 200 50000 0.8726142857142858 0.005498070162357319
1000 300 100 0.6864 0.025854601295770628
1000 300 500 0.7607285714285714 0.014393231118856417
1000 300 1000 0.8489714285714285 0.008962461396609415
1000 300 5000 0.8805714285714286 0.009240328645096304
1000 300 10000 0.8856571428571428 0.006775465945269762
1000 300 50000 0.8883142857142857 0.0060638776574810605
1000 400 100 0.6942285714285715 0.030645517700016733
1000 400 500 0.6181857142857143 0.02666336246536029
1000 400 1000 0.8401428571428571 0.008352685013741116
1000 400 5000 0.8900285714285715 0.005787319001445279
1000 400 10000 0.8949714285714284 0.008884933360263678
1000 400 50000 0.8966142857142858 0.0046056974476827856
1000 500 100 0.6999142857142857 0.024560977843991902
1000 500 500 0.18012857142857142 0.03558384464894149
1000 500 1000 0.8159428571428572 0.011708570034162927
1000 500 5000 0.8954857142857143 0.007400551551425458
1000 500 10000 0.8966142857142858 0.007584099908926017
1000 500 50000 0.9039428571428573 0.0031701413088957727
1000 600 100 0.6998285714285715 0.02876490208286368
1000 600 500 0.5430714285714286 0.02606680976699245
1000 600 1000 0.7683142857142857 0.020603328441228693
1000 600 5000 0.8976428571428572 0.003412611663718412
1000 600 10000 0.9084428571428571 0.007010327658358848
1000 600 50000 0.9099714285714287 0.004415094701644541
1000 700 100 0.7072428571428572 0.016667706770266622
1000 700 500 0.6026428571428571 0.06162159871807473
1000 700 1000 0.7152142857142858 0.025001163238243678
1000 700 5000 0.8994 0.004254073677916614
1000 700 10000 0.9090857142857143 0.00615022813580512
1000 700 50000 0.9149571428571429 0.005122200579390689
1000 800 100 0.7153714285714285 0.02461915630444832
1000 800 500 0.6945428571428571 0.0456739911698962
1000 800 1000 0.6195571428571428 0.028585457270208905
1000 800 5000 0.9023857142857142 0.010812511649162066
1000 800 10000 0.9139571428571427 0.005763378402659745
1000 800 50000 0.9168142857142858 0.004114211308851011
1000 900 100 0.6937714285714286 0.04057138832995991
1000 900 500 0.7571428571428571 0.026592081067682603
1000 900 1000 0.4913142857142857 0.01931751874885191
1000 900 5000 0.9047857142857142 0.0035715714257144007
1000 900 10000 0.9128428571428572 0.0062647214378516395
1000 900 50000 0.9184428571428572 0.002435661918163487
1000 1000 100 0.7199714285714286 0.027083830555352007
1000 1000 500 0.7516 0.024171225936334025
1000 1000 1000 0.1717857142857143 0.03544620816772066
1000 1000 5000 0.9039857142857143 0.008343260753446442
1000 1000 10000 0.9121285714285714 0.006786075178373031
1000 1000 50000 0.9195714285714285 0.0021899585309651283
